RAW
1280
720
60.000

1280
720
30.000

1920
1080
60.000

1920
1080
30.000

1920
1080
15.000

2304
1296
30.000

2304
1296
15.000

2304
1536
24.000

2304
1536
12.000

640
480
60.000

640
480
30.000

1920
1280
50.000

1920
1280
25.000

1152
768
60.000

1152
768
30.000

2048
1536
42.000

2048
1536
21.000

1280
960
58.000

1280
960
30.000
        [1]: 'MJPG' (Motion-JPEG, compressed)

MJPEG_720

horizontal_res = [720, 1080, 1296, 1536, 480, 1280, 768, 1536, 960]
vertical_res = [1280, 1920, 2304, 2304, 640, 1920, 1152, 2048, 1280]
frame_rates = [60, 60, 60, 48, 60, 50, 60, 50, 58]
videoFormats = [m, m, m, m, m, m, m, m, m]

MJPEG
1280
720
60.000

1920
1080
60.000

2304
1296
60.000

2304
1536
48.000

640
480
60.000

1920
1280
50.000

1152
768
60.000

2048
1536
50.000

1280
960
58.000
